image: project_mapping_map.pgm
resolution: 0.060000
origin: [-1.980000, -2.000000, 0.000000]
negate: 0
occupied_thresh: 0.65
free_thresh: 0.196

